0 0 0
5  2 2 19
0 1 0


0 0 0
6  2 2 19
0 1 0


0 0 0
7  2 2 19
0 1 0


0 0 0
8  2 2 19
0 1 0


0 0 0
9  2 2 19
0 1 0


0 0 0
10  2 2 19
0 1 0


0 0 0
11  2 2 19
0 1 0


0 0 0
12  2 2 19
0 1 0


0 0 0
13  2 2 19
0 1 0


0 0 0
14  2 2 19
0 1 0


0 0 0
15  2 2 19
0 1 0


0 0 0
16  2 1 19
0 1 0


0 0 0
17  2 1 19
0 1 0


0 0 0
18  2 1 19
0 1 1


0 0 0
4  2 2 19
0 1 0


0 0 0
5  2 3 19
0 1 0


0 0 0
6  2 3 19
0 1 0


0 0 0
7  2 3 19
0 1 0


0 0 0
8  2 2 19
0 1 0


0 0 0
9  2 2 19
0 1 0


0 0 0
10  2 1 19
0 1 0


0 0 0
11  2 1 19
0 1 0


0 0 0
12  2 1 19
0 1 0


0 0 0
13  2 1 19
0 1 0


0 0 0
14  2 1 19
0 1 0


0 0 0
15  2 1 19
0 1 0


0 0 0
16  2 1 19
0 1 0


0 0 0
17  2 1 19
0 1 0


0 0 0
18  2 0 19
0 1 1


